-4.893142151969891440e-01 -1.105027379585923342e-01 1.233015714384210620e-01 -2.296173700464886058e-01 8.261366216529009154e-02 -1.014785795033937843e-01 3.502273568776589907e-01 -1.775954473818165957e-01 1.940209075531030003e-01
2.385843625972964011e-01 2.749304804650781198e-01 4.499625280105191694e-01 7.895978317271319658e-02 -2.187345212008681428e-01 -4.114489345749966498e-01 5.337351009952640002e-01 -7.877531350330423121e-02 -1.291103009017873782e-01
-4.636316563349587305e-01 -1.517913555245604118e-01 -2.382470664880468048e-01 -7.941825560107027004e-02 5.857267649246035435e-02 -6.959337917555680209e-02 -1.054970051537317544e-01 -3.775155849089898430e-01 -3.814496686341364851e-01
-1.461071535855686387e-01 2.720802384717865285e-01 -1.012833792147652956e-01 -3.727925624384730297e-01 -7.321442877347165146e-01 -4.915554858358293921e-02 -2.906634126601811974e-01 2.998446850926673735e-01 7.522948518944059387e-03
-2.122465819470315262e-01 1.480515552868180984e-01 9.261383130551543996e-02 6.661947564399582911e-01 -2.465009026191576913e-01 -3.043385687305358855e-01 -3.704133675310211649e-01 -3.570093636509015789e-01 1.113386664205448101e-01
3.615752441040846754e-02 5.135668118526762749e-01 -4.287928724325247853e-01 -4.353781794172389280e-02 1.591519798944181774e-01 1.400021110415837142e-02 1.165961147487682842e-01 -2.047805028961828255e-01 6.354052178541650386e-01
-2.357485356411249955e-02 5.694869591039714019e-01 -3.224145044186655928e-01 -3.457711526289286574e-02 2.224645573470378224e-01 -1.363075528153619431e-01 9.366236761708124359e-02 1.903597012273890512e-02 -5.921158926480476481e-01
-3.953530087684551386e-01 2.335754898738306995e-01 3.388713520184103989e-01 -1.744997578566112872e-01 -1.570767108755143082e-01 3.911523034620048023e-01 1.704811551490966470e-01 -2.392226688945269797e-01 2.071867536862398440e-02
4.385196240653110866e-01 6.710792677070059886e-03 -5.769734716914144690e-02 -3.787746304804370800e-03 -2.675297701811125695e-01 5.221164483108273746e-01 2.513762215098580555e-02 -5.613907520191744327e-01 -1.677458861737760876e-01
-2.429213309479704430e-01 -3.755391603758313768e-02 -2.797861510402834817e-01 5.508723620555844303e-01 -2.259622188755631145e-01 3.812634257200907539e-01 4.474691135428622291e-01 3.746043233170053832e-01 -5.836706198137713714e-02
1.132320649947722579e-01 -3.861809593562059995e-01 -4.716732226989829302e-01 -1.221810881118009784e-01 -3.506814126822496713e-01 -3.616450422484160376e-01 3.276509043072649008e-01 -2.176255636440595220e-01 3.760310589852674384e-02
